[banniere.JPG]
filters=crop64=1,606000ffffd854;crop64=1,c08a7fffffbdaa;crop64=1,40008bd5ffffbdaa;Vignette=1,5.847953,2.000000,13.450292,fffdfdfd;crop64=1,404094aaff3fb7ff;Vignette=1,9.649122,2.000000,0.000000,fffdfdff;
crop=rect64(404094aaff3fb7ff)
moddate=000071a1f3cc0000
width=2048
height=1536
textactive=0
[DSC01490.JPG]
filters=Boost=1,26.315790;finetune2=1,0.000000,0.000000,0.000000,00000000,0.111111;
moddate=000080c4f3cc0000
width=3264
height=2448
textactive=0
